ftree://nearby/v1?a=192.168.1.42&p=49813&d=00070e151c232a31383f464d545b6269&f=AQIDBAUGBwg&t=AAsWISw3Qk1YY255hI-apQ&n=Quiet%20Heron&v=1
1111111010001101001011000000001101000000101111111
1000001011000000011010110110000010101111101000001
1011101001011000101111110011101001111101101011101
1011101010100101001100001010011101101101001011101
1011101001000111100010111111010110010100001011101
1000001001101011101001100010111111010110001000001
1111111010101010101010101010101010101010101111111
0000000010101100011011100011110100001011000000000
1011011101011011011000111110111100000101001001011
0001010001110100010100011001101101010101011100010
1001101100100011010011010101001011110000111000110
1101110100010110111101111000000011011000101100110
1110111001111000000001101001010000011111000100101
1010010000100001001101100110000111001111010111101
1010101010010000110110010110011100111101101110010
1000110001111101111110110011010000000000001111000
1100111001110010011100010111111100100011110011100
0010110110010010010001100000011111111000100001101
0000111101011101001101111100101110110000110111011
0101110111100111001011001101110010001011000101011
1011001000100100110011000110101001110000000101010
0111100011000101000001001110101111000100011101000
1011111111010110101001111110111111100100111111100
0000100011101110101000100011001010101001100010101
0000101010001000100111101011001000111100101011111
0110100011010011110010100010010100000011100011101
1101111110110110011101111111111101000011111111100
0101000100110000011100111000111111000000001100001
0111001100000000111110010010001011010000100000011
1001000011011010010100111000000001110000010001001
0100001010101010011101100000010111000111111100011
1101000011101001000010001001010011011000101111011
0010001110000111010110111000110100010100011101110
0110000111011110010101101000001101000101010101000
0111001110011100011110011010000011110000110110110
1011010011011000001010000010011001001101101101110
0101111111101010111111010010000100101011001111101
0001010110000011010010010111010101001110010011011
0100011100000000000111110100111100010110100100000
0111000110110001001001111110101111010000110100011
1110001101001010001101111110001010110110111110111
0000000011101011100101100010010001110101100010111
1111111010000101100101101010000001111110101010001
1000001010011100111100100011110100001111100011000
1011101001000000101100111110111101110011111111101
1011101010101010010110110000011100000101101011001
1011101010100111110000110110000011110000011111011
1000001001001010110011101100111011011000110001100
1111111011101010011011010100100000011100001100111
